51177
15963
60619
14030
39047
56949
3609
36409
1081
18353
62500
3048
2977
19347
12061
47619
36139
3173
16165
37918
60928
26643
52088
42814
55070
44075
9063
59665
31550
29391
29496
52944
14094
13153
40223
10378
44280
44703
46973
14478
29448
40062
3164
57423
23162
9241
12739
58539
24380
13668
12391
10978
40511
6485
951
3569
24858
13883
63722
24967
10601
41606
19881
19436
62142
35416
11004
48214
11539
8649
15723
16872
53639
57417
61128
24728
37789
57907
27681
21004
25694
2099
6346
6337
9138
492
22298
54886
26761
17141
8170
396
35646
10822
23410
33203
50555
35689
63206
60357
