3198
4196
7984
8861
11302
14861
15087
17362
17430
18577
22483
22674
22860
24069
24823
27799
26859
26060
23281
24774
26142
24248
27278
27678
31052
32660
29320
32859
34644
35272
36362
36695
35317
35941
37444
35723
34682
35811
35492
33721
32119
31868
31500
31360
30835
29576
28529
28878
29521
29553
27814
27851
27616
25227
22351
21669
21382
19746
23531
21502
20717
22740
23186
20742
23103
24462
24375
26702
24892
25027
25950
26782
28580
31301
31139
31124
32823
33842
34330
34428
32150
30067
29776
27159
27009
26499
26910
29286
27606
25089
21779
20258
20124
17181
16915
17677
19231
21330
24884
28260
